Command: benchmarks-time 10 --harness harness/harness.json --resolve-all --iterate fix
>>> 3dmodel
0.89
0.86
0.87
0.93
0.86
0.86
0.89
0.81
0.86
0.89
>>> beslimed
5.62
6.20
5.36
5.15
4.97
4.40
5.64
5.02
4.38
5.26
>>> htmledit
3.00
3.11
2.82
2.56
2.56
2.65
3.17
2.82
3.03
3.28
>>> pdfjs
18.42
17.36
16.69
17.18
17.94
17.75
17.01
18.23
18.81
19.35
>>> google_pacman
1.10
1.02
1.07
1.22
0.98
1.00
1.19
1.22
1.02
1.11
>>> fullcalendar-1.5.3
13.96
15.30
10.27
10.61
13.88
12.92
10.59
10.38
13.07
10.22
>>> markitup
4.54
4.57
4.66
4.21
4.52
4.87
5.50
4.40
5.01
5.25
>>> pong
2.90
3.00
3.45
2.90
2.84
3.43
2.62
3.21
2.64
3.26
>>> coolclock
4.36
4.58
5.76
5.86
4.48
4.37
5.63
5.67
5.86
4.54
>>> flotr
8.12
8.34
8.60
8.96
10.81
7.14
9.72
7.98
8.77
7.56
