Command: benchmarks-time 10 --only-parse
>>> 3dmodel
0.45
0.45
0.44
0.44
0.45
0.43
0.44
0.43
0.44
0.43
>>> beslimed
0.52
0.54
0.55
0.54
0.54
0.52
0.52
0.51
0.54
0.53
>>> htmledit
0.42
0.40
0.40
0.42
0.41
0.40
0.41
0.41
0.40
0.40
>>> pdfjs
2.66
2.65
2.67
2.66
2.77
2.79
2.76
2.99
2.89
3.03
>>> google_pacman
0.33
0.34
0.35
0.36
0.34
0.32
0.36
0.34
0.36
0.35
>>> fullcalendar-1.5.3
0.90
0.95
0.95
0.93
0.87
0.92
0.91
0.91
0.95
0.92
>>> markitup
0.52
0.52
0.57
0.52
0.53
0.52
0.53
0.53
0.53
0.53
>>> pong
0.39
0.39
0.41
0.39
0.41
0.39
0.40
0.40
0.38
0.39
>>> coolclock
0.56
0.57
0.57
0.56
0.58
0.57
0.57
0.56
0.55
0.56
>>> flotr
0.76
0.72
0.77
0.75
0.73
0.73
0.73
0.75
0.76
0.71
