Command: benchmarks-time 10 --harness harness/harness.json
>>> 3dmodel
0.66
0.66
0.72
0.68
0.72
0.72
0.72
0.72
0.72
0.70
>>> beslimed
1.49
1.54
1.52
1.67
1.70
1.65
1.52
1.62
1.64
1.56
>>> htmledit
1.42
1.31
1.09
1.07
1.18
1.27
1.23
1.11
1.05
1.32
>>> pdfjs
8.82
8.28
8.58
8.54
8.64
8.70
7.76
9.45
7.67
7.63
>>> google_pacman
0.94
0.85
0.71
0.93
0.79
0.79
0.85
0.78
0.80
0.68
>>> fullcalendar-1.5.3
3.49
4.25
3.68
3.94
4.16
3.70
3.90
3.46
3.38
3.77
>>> markitup
1.83
1.76
1.83
1.78
1.92
1.86
1.68
1.88
1.94
1.66
>>> pong
1.18
1.42
1.20
1.30
1.11
1.29
1.22
1.25
1.10
1.08
>>> coolclock
1.70
2.19
1.80
1.75
2.00
1.86
1.87
1.73
2.02
1.86
>>> flotr
2.62
2.17
2.42
2.38
2.55
2.73
2.33
2.45
2.76
2.57
